*Heading
 /Users/peiliangbian/Nutstore Files/JianguoYun_Files/TeachingDocuments/有限单元法（编程）/FiniteElementMethodProgramming/picture/plate_with_ahole
*NODE
1, 1, 0, 0
2, 0, 1, 0
3, 4, 0, 0
4, 0, 2, 0
5, 4, 2, 0
6, 0.99452014106666, 0.10454515298542, 0
7, 0.94947347972042, 0.3138472738572, 0
8, 0.85607638462269, 0.51684932397299, 0
9, 0.71541456848155, 0.6987002184087, 0
10, 0.53510121926708, 0.84478795276619, 0
11, 0.32835769530646, 0.94455345213123, 0
12, 0.110192331291, 0.99391028273414, 0
13, 0.97814062176757, 0.20794452156322, 0
14, 0.90937733706908, 0.41597218515803, 0
15, 0.791631724507, 0.61099853744021, 0
16, 0.62953885771661, 0.77696899978369, 0
17, 0.43343014810555, 0.90118716519556, 0
18, 0.21904258134648, 0.97571530046273, 0
19, 0, 1.1242758555864, 0
20, 0, 1.3738462808126, 0
21, 0, 1.624529177247, 0
22, 0, 1.8749587518475, 0
23, 0, 1.2485517112228, 0
24, 0, 1.4991408505459, 0
25, 0, 1.7499175044333, 0
26, 0.12203705703715, 2, 0
27, 3.6366320908241, 2, 0
28, 3.3888314260682, 2, 0
29, 3.1364201466713, 2, 0
30, 2.8842724691338, 2, 0
31, 2.6330336999302, 2, 0
32, 2.3809071721524, 2, 0
33, 2.1299571910624, 2, 0
34, 1.8795394011146, 2, 0
35, 1.6279380431703, 2, 0
36, 1.3753834177659, 2, 0
37, 1.1218094356247, 2, 0
38, 0.86808159702578, 2, 0
39, 0.6161648208669, 2, 0
40, 0.36748824063224, 2, 0
41, 3.8794887573777, 2, 0
42, 0.24407411398892, 2, 0
43, 0.49090236728015, 2, 0
44, 0.74142727440252, 2, 0
45, 0.99473591971981, 2, 0
46, 1.2488829513177, 2, 0
47, 1.5018838834403, 2, 0
48, 1.7539922026453, 2, 0
49, 2.0050866004133, 2, 0
50, 2.2548277820624, 2, 0
51, 2.5069865618081, 2, 0
52, 2.7590808357312, 2, 0
53, 3.0094641056166, 2, 0
54, 3.2633761898479, 2, 0
55, 3.514286663203, 2, 0
56, 3.7589775162217, 2, 0
57, 4, 1.8769327640236, 0
58, 4, 1.6288544167253, 0
59, 4, 1.3770797599936, 0
60, 4, 1.1233268229154, 0
61, 4, 0.87106079809457, 0
62, 4, 0.62117946038277, 0
63, 4, 0.37232382294723, 0
64, 4, 0.12403644450179, 0
65, 4, 1.7538655280351, 0
66, 4, 1.5038433051021, 0
67, 4, 1.250316215113, 0
68, 4, 0.99633743060259, 0
69, 4, 0.74578416539276, 0
70, 4, 0.49657475677727, 0
71, 4, 0.24807289048716, 0
72, 3.8751807168794, 0, 0
73, 3.6237549188287, 0, 0
74, 3.3682096643301, 0, 0
75, 3.1107019424746, 0, 0
76, 2.8562386247185, 0, 0
77, 2.6050708766767, 0, 0
78, 2.3545447321637, 0, 0
79, 2.1034778312782, 0, 0
80, 1.8509558065859, 0, 0
81, 1.6009364341548, 0, 0
82, 1.35702063514, 0, 0
83, 1.1182081792347, 0, 0
84, 3.7503614338324, 0, 0
85, 3.497148403748, 0, 0
86, 3.2392709251583, 0, 0
87, 2.9821329601407, 0, 0
88, 2.730344289012, 0, 0
89, 2.4797974636173, 0, 0
90, 2.22929200114, 0, 0
91, 1.9776636606351, 0, 0
92, 1.7242479545019, 0, 0
93, 1.4776249134446, 0, 0
94, 1.2364163573219, 0, 0
95, 0.25273031914544, 1.2153377219706, 0
96, 0.2628664726321, 1.4772024205133, 0
97, 0.25649236063386, 1.7399901318516, 0
98, 1.1958651700032, 0.23010390351374, 0
99, 3.7503025270788, 1.502428468424, 0
100, 3.7535581250798, 1.7519174700553, 0
101, 3.746921595838, 1.000011397364, 0
102, 3.7481982341551, 1.2514469950184, 0
103, 3.746355317904, 0.74922746016351, 0
104, 3.7464877200613, 0.49911804822396, 0
105, 3.7475105822219, 0.24944373903725, 0
106, 0.54327801222938, 1.4534785726874, 0
107, 1.8612055572453, 1.7901002388077, 0
108, 1.1549628372369, 1.8807213450852, 0
109, 0.51993273709532, 1.7318399592218, 0
110, 1.4042666493672, 1.5750411518444, 0
111, 1.6136465756917, 1.6343170973953, 0
112, 1.6065215866388, 0.78006809782372, 0
113, 1.3994140326848, 1.8971445723716, 0
114, 0.76601215985167, 1.8667307198471, 0
115, 1.351008881781, 1.676254450873, 0
116, 1.9036678005299, 0.78071326783926, 0
117, 1.6318709597602, 1.903135795906, 0
118, 1.1279360080295, 1.1781821769773, 0
119, 1.6691321956399, 1.5032682294793, 0
120, 1.8919111176075, 1.0519583679499, 0
121, 1.9949467179, 1.8905949416655, 0
122, 0.86852590900432, 0.94386056805885, 0
123, 1.4382042616865, 0.24530842852405, 0
124, 1.6930063087749, 0.25362729255275, 0
125, 1.6537605707201, 0.51123740559199, 0
126, 1.1309439814447, 0.46126799773929, 0
127, 1.2905095875024, 1.528486555839, 0
128, 1.0282275880245, 0.69587898696578, 0
129, 1.7339645706965, 1.2101114068588, 0
130, 3.2467930171771, 1.5045059856044, 0
131, 2.992176822347, 1.5072354822399, 0
132, 3.4994603566625, 1.5029232590403, 0
133, 3.5051938827315, 1.7518127208358, 0
134, 3.2539899644096, 1.7525482643838, 0
135, 3.0007708877465, 1.7540173210855, 0
136, 2.7467817351712, 1.7564992354442, 0
137, 2.4916797223571, 1.7607265675168, 0
138, 2.2362578481302, 1.768118898508, 0
139, 2.2150345753087, 1.5325164808295, 0
140, 1.0617228011041, 1.325186579891, 0
141, 2.7355671658628, 1.5117002399117, 0
142, 2.4765560587112, 1.5192157633848, 0
143, 2.7264631825605, 1.2643674219672, 0
144, 2.4636312845977, 1.2731065398543, 0
145, 2.1943548380025, 1.2882079756687, 0
146, 1.2339962040607, 1.6465390195616, 0
147, 2.1829710259467, 1.0336199983432, 0
148, 1.6295243486666, 1.7187764490737, 0
149, 2.4561335215594, 1.021852851751, 0
150, 2.7208765546128, 1.0141756392889, 0
151, 3.2414517530934, 1.2554615895001, 0
152, 2.9853129592261, 1.2589666665297, 0
153, 3.2380244762315, 1.0053909914271, 0
154, 2.9809171718193, 1.0090157867971, 0
155, 3.4955698362199, 1.253093828198, 0
156, 3.4931428859468, 1.0026061071637, 0
157, 3.4921340647836, 0.50119288721232, 0
158, 3.4920299950438, 0.75189394598255, 0
159, 2.9797971226947, 0.50544868615886, 0
160, 3.2365548789211, 0.50319809212117, 0
161, 3.236479061189, 0.75453452212299, 0
162, 2.9792167979027, 0.75767401142254, 0
163, 1.607470682243, 1.3931056009905, 0
164, 2.1852744753991, 0.77396941003997, 0
165, 2.7194726214262, 0.76176428177253, 0
166, 2.4557310005501, 0.76718041667329, 0
167, 2.7216595735008, 0.50815327885735, 0
168, 2.4611594441664, 0.51132174787375, 0
169, 2.1967895173573, 0.51447598301249, 0
170, 1.9272793787646, 0.5158837938858, 0
171, 1.9528554104252, 0.25663565433904, 0
172, 2.2123958992389, 0.25666344173015, 0
173, 2.4699263689239, 0.25551675575238, 0
174, 2.7259339803302, 0.25411262542196, 0
175, 3.4935123600719, 0.25056357988236, 0
176, 3.237745901798, 0.25163375601932, 0
177, 2.9815647949224, 0.25279552958264, 0
178, 0.69630636474669, 1.4459639555244, 0
179, 0.53418117726212, 1.1559052718279, 0
180, 1.0269918582996, 1.8740619749682, 0
181, 1.3838305988201, 0.49401033225786, 0
182, 1.4155718986754, 0.91133605806024, 0
183, 1.3486540103329, 0.62175483423001, 0
184, 1.3025645671094, 1.2139246666246, 0
185, 1.513223814108, 1.2567865813126, 0
186, 2.1093117656028, 1.7737068409473, 0
187, 2.245908673227, 1.8841991216726, 0
188, 1.8971230179966, 1.1874095465034, 0
189, 2.1200158481153, 1.8869914636952, 0
190, 3.8733041904548, 0.49793693563977, 0
191, 3.7468601956983, 0.37424196693565, 0
192, 3.8738591576834, 0.24880807036571, 0
193, 3.8735084291965, 0.37332792436347, 0
194, 0.12775422822515, 1.7449102961775, 0
195, 0.1304516642193, 1.4885746114868, 0
196, 0.26089466797615, 1.6089579567229, 0
197, 0.12971772476206, 1.6168494818132, 0
198, 2.7282577976241, 0.1270565769445, 0
199, 2.5980582346814, 0.25481618236568, 0
200, 2.4748384591821, 0.12773211499989, 0
201, 2.6015763505879, 0.12739796805829, 0
202, 1.7098213018845, 1.6034627341833, 0
203, 1.1637595056091, 0.72842449032165, 0
204, 1.6333888250904, 1.8086066456152, 0
205, 1.4517377091356, 1.7059112305314, 0
206, 1.3119637405399, 1.7809403649154, 0
207, 1.8269154100271, 1.5770616400127, 0
208, 1.4905228958219, 1.6226444571915, 0
209, 1.3721419557802, 1.4058417430943, 0
210, 3.8732221027494, 0.74766867936425, 0
211, 3.7463300255238, 0.62410714187161, 0
212, 3.8732146556905, 0.62272326503872, 0
213, 2.220760220097, 0.12825618069562, 0
214, 2.3414069392708, 0.25616201591481, 0
215, 2.3479325237389, 0.12803203160916, 0
216, 3.1275312969588, 1.7531826507176, 0
217, 3.2583321888409, 1.8763091439315, 0
218, 3.0053074025088, 1.8770528993996, 0
219, 3.1318968896718, 1.8766293791982, 0
220, 1.7644533720116, 1.3444241620455, 0
221, 0.92844594353625, 1.7384375837788, 0
222, 0.12538427735216, 1.2338384853802, 0
223, 0.26079584486708, 1.3453704408821, 0
224, 0.12925768216252, 1.3605474064599, 0
225, 1.5286602626112, 1.8100144546811, 0
226, 0.85398773125487, 1.4515911002137, 0
227, 3.8735051303322, 0.99847036428387, 0
228, 3.7465530795238, 0.87452727308333, 0
229, 3.8733200060036, 0.87293335806027, 0
230, 1.2794143842151, 1.8889085951678, 0
231, 1.2565389138485, 0.88937343183429, 0
232, 0.89696176658531, 1.8694006344745, 0
233, 3.3657753436992, 0.25109349646289, 0
234, 3.2385344297906, 0.12581781108335, 0
235, 3.4948796360573, 0.12527512341416, 0
236, 3.3668485699764, 0.1255434800663, 0
237, 1.9653274358484, 0.12818368704636, 0
238, 1.8227019358568, 0.25565070147464, 0
239, 1.709704242519, 0.12665836933446, 0
240, 1.8372591456707, 0.1276728080674, 0
241, 2.363887128039, 1.7639015535027, 0
242, 2.4993629199246, 1.8804614957011, 0
243, 2.3725330238553, 1.8820705437619, 0
244, 3.7491341711845, 1.377067553377, 0
245, 3.8741543067173, 1.2508192556175, 0
246, 3.8752312740359, 1.502767033672, 0
247, 3.8746325784305, 1.376931334931, 0
248, 2.8738879487684, 1.7550979792017, 0
249, 2.7528008651413, 1.8783115290869, 0
250, 2.8790855135304, 1.8775998778615, 0
251, 3.7474666761226, 1.1257070410108, 0
252, 3.8737823642919, 1.1245829606816, 0
253, 0.65528118171129, 1.730345675089, 0
254, 0.50569733276014, 1.8665455613591, 0
255, 0.63540746270162, 1.8659035692855, 0
256, 2.6193569254551, 1.7583264211647, 0
257, 2.6261601829961, 1.8792421178099, 0
258, 3.7517511495111, 1.6273710104145, 0
259, 3.8769066658032, 1.7525098927981, 0
260, 3.8759775601042, 1.6278740176227, 0
261, 2.0828431349467, 0.25688500142063, 0
262, 2.0931805136354, 0.12833515849832, 0
263, 3.1096246610486, 0.25219672125925, 0
264, 2.9822760214715, 0.12640455013097, 0
265, 3.1102818422371, 0.1261029008693, 0
266, 2.853723428735, 0.25343572413361, 0
267, 2.855129345222, 0.12672375928868, 0
268, 3.3799094298741, 1.7520933364348, 0
269, 3.5090962135456, 1.8759538215777, 0
270, 3.3840458985697, 1.8760866393013, 0
271, 1.564601517064, 0.25026831727835, 0
272, 1.4593637119287, 0.12262911803681, 0
273, 1.5837907372682, 0.12503250149727, 0
274, 1.1034272652153, 1.6224301359147, 0
275, 1.9838101254481, 1.781000950898, 0
276, 1.1967521025616, 1.0312834102356, 0
277, 1.0078465331115, 1.4678418203082, 0
278, 3.7485724425829, 0.1247074964618, 0
279, 3.8744069883255, 0.12438811755709, 0
280, 3.6193155840558, 0.75060310143089, 0
281, 3.4919332375681, 0.62653585535248, 0
282, 3.619452902751, 0.50018697664196, 0
283, 3.6192591180505, 0.62535858933632, 0
284, 1.1037528434207, 0.85847909660814, 0
285, 1.9337418059823, 1.4403541476807, 0
286, 1.8952359311295, 0.9157422018282, 0
287, 2.5892583914411, 1.0176192642108, 0
288, 2.7231600070515, 1.1396067111645, 0
289, 2.5956606235412, 1.2681855188387, 0
290, 2.4590256106455, 1.1480557746032, 0
291, 2.5918087671253, 1.1433392001319, 0
292, 0.25070963963878, 1.8702546112387, 0
293, 0.12506944095671, 1.8725811837516, 0
294, 3.4924290854203, 0.877257373766, 0
295, 3.3657893143657, 1.0039317476879, 0
296, 3.2370268485676, 0.88004157449819, 0
297, 3.3644364079625, 0.75318175120968, 0
298, 3.3649228067112, 0.87860180687306, 0
299, 3.7558647895434, 1.876058300431, 0
300, 3.8780719931341, 1.8763780343777, 0
301, 2.7306585548574, 1.3883967271987, 0
302, 2.6063889291239, 1.51495181986, 0
303, 2.4696213204801, 1.3968276545766, 0
304, 2.6006118825904, 1.3920560458516, 0
305, 1.5799421553495, 0.92284216031294, 0
306, 1.2202220062784, 1.358079052925, 0
307, 3.6201613259897, 1.0013337465368, 0
308, 3.6196153184078, 0.87593079325665, 0
309, 3.6207379386337, 0.25002084706749, 0
310, 3.6219896775603, 0.12499850369876, 0
311, 0.38704087967498, 1.7354242979495, 0
312, 0.37756949587347, 1.8681516787062, 0
313, 0.96449459635843, 1.605210743523, 0
314, 1.8472473513336, 1.6846182637662, 0
315, 0.79207149250842, 1.7323281179888, 0
316, 1.9703371615306, 1.6703162873895, 0
317, 0.95794720478491, 0.81637243019087, 0
318, 0.73590380685706, 0.86196733946036, 0
319, 0.90361299060117, 0.65562532743765, 0
320, 0.82795012930297, 0.76034392770514, 0
321, 3.6220330686902, 1.252198007738, 0
322, 3.4941848547375, 1.1279033304123, 0
323, 3.6209626390318, 1.126785155194, 0
324, 2.7409986779186, 1.6343552512085, 0
325, 2.4840143368653, 1.6404247488183, 0
326, 2.6127138209453, 1.6369787569866, 0
327, 3.6296891065526, 1.7517338767379, 0
328, 3.6328301910428, 1.8759375501474, 0
329, 1.7984728939745, 1.465122969678, 0
330, 1.5395732228365, 1.7268633821897, 0
331, 1.5639606199571, 1.5582005357446, 0
332, 0.73629017579749, 1.0994368155201, 0
333, 0.48674952660317, 1.0193392241015, 0
334, 0.62144349121694, 0.95696897811594, 0
335, 0.23790756052691, 1.0908801866788, 0
336, 0.11862389106175, 1.1106475618547, 0
337, 1.3148893629293, 0.23860536484987, 0
338, 1.2181127572881, 0.11521270564339, 0
339, 1.3373748681408, 0.11938632644092, 0
340, 1.4858188250246, 1.480601117995, 0
341, 1.9536013300994, 1.5573020819963, 0
342, 1.7570431441787, 0.78228932179654, 0
343, 1.0850728244023, 0.57798003289852, 0
344, 1.0154523697056, 0.43974982690795, 0
345, 0.96554457051402, 0.54869165359662, 0
346, 2.2259136216807, 1.6511138013458, 0
347, 2.0838564801249, 1.5429393769885, 0
348, 2.0973185689005, 1.6593321293201, 0
349, 3.250159146434, 1.6286354832782, 0
350, 2.9963221019655, 1.6307789579834, 0
351, 3.1197241339699, 1.5057038148856, 0
352, 3.1234430233642, 1.6295672624118, 0
353, 3.3687313130086, 1.2541670391235, 0
354, 3.239496172067, 1.1305438364274, 0
355, 3.3670540321242, 1.129133880993, 0
356, 2.7236512412116, 0.38115559166001, 0
357, 2.5917931128066, 0.5096918992735, 0
358, 2.4652802341889, 0.38338051679225, 0
359, 2.5947165689376, 0.38225487044066, 0
360, 1.0829042526618, 0.21988424582646, 0
361, 1.103220739794, 0.11015741854859, 0
362, 1.1673760770464, 0.34542907547169, 0
363, 1.0541091489778, 0.33021154634832, 0
364, 0.38612750415162, 1.1904389615504, 0
365, 0.36008417207553, 1.0614162828314, 0
366, 1.9401116155515, 0.38573871491683, 0
367, 1.7907440493311, 0.51471946420975, 0
368, 1.6743774316293, 0.38156191916726, 0
369, 1.807162769082, 0.38447033402555, 0
370, 1.1546238825991, 1.4929173778186, 0
371, 2.2041676200607, 1.4116990959707, 0
372, 2.0558277223392, 1.300171731719, 0
373, 2.0694769276792, 1.4235243391199, 0
374, 2.3295577564489, 0.51296650009661, 0
375, 2.2043145150795, 0.38536585656878, 0
376, 2.3351888813736, 0.38445966048382, 0
377, 2.8641410208685, 1.5091904465766, 0
378, 2.8688526943207, 1.6323393267213, 0
379, 2.3460664596092, 1.5248817472435, 0
380, 2.354997101745, 1.6449971531139, 0
381, 2.8562872365229, 1.2613623394372, 0
382, 2.9884720047501, 1.3833121962652, 0
383, 2.859905197322, 1.3855509555853, 0
384, 2.9806313058717, 0.37915332885964, 0
385, 3.2370518209059, 0.37743283320723, 0
386, 3.1083212841926, 0.50427682598086, 0
387, 3.1089086156909, 0.37826260499583, 0
388, 2.7201968980561, 0.63505080483439, 0
389, 2.5882372865583, 0.76429015670603, 0
390, 2.4578677014665, 0.63929294818632, 0
391, 2.5895488925264, 0.63707051495322, 0
392, 3.6250802199198, 1.5025210464983, 0
393, 3.4973180243465, 1.3781170843938, 0
394, 3.623394153255, 1.3774730329398, 0
395, 2.3209755422114, 1.0270937372354, 0
396, 2.3300300077891, 1.2795575330112, 0
397, 2.1869354983018, 1.1619970138782, 0
398, 2.3243251535458, 1.1541022148617, 0
399, 2.3375254784754, 1.403152401032, 0
400, 2.3215744673364, 0.77043254024619, 0
401, 2.1902467636819, 0.64403595036091, 0
402, 2.3248737073196, 0.64166095355483, 0
403, 2.9792741342147, 0.63164068392483, 0
404, 2.8497267784083, 0.75957349759082, 0
405, 2.8509442688415, 0.50673756579262, 0
406, 2.8500449680803, 0.63324598382092, 0
407, 2.8522438249148, 0.38011751392986, 0
408, 2.0627045237533, 0.51558909904389, 0
409, 2.0725959483797, 0.38589474999838, 0
410, 1.914839082967, 0.64744362283123, 0
411, 1.7419782467344, 0.92120057028022, 0
412, 1.6311253749917, 0.64361952958716, 0
413, 1.7737922993018, 0.64706841219368, 0
414, 2.0462110281563, 0.77757007689502, 0
415, 2.0536555533876, 0.64613583172768, 0
416, 1.0622147680056, 1.7488055208052, 0
417, 2.0407608121902, 1.0417802033858, 0
418, 2.0454852863069, 1.1725830647818, 0
419, 3.4926435139986, 0.37586826836561, 0
420, 3.6199256515777, 0.37507906172776, 0
421, 0.39958025176386, 1.4651138678988, 0
422, 0.5330080513596, 1.5946324132372, 0
423, 0.39491628456638, 1.6012130288825, 0
424, 3.5020517036274, 1.6274847830966, 0
425, 3.6271480715962, 1.6272744516908, 0
426, 0.67565466102715, 1.5913688379971, 0
427, 3.3644981444205, 0.50218176917923, 0
428, 3.3649934275562, 0.37664241162533, 0
429, 2.4550689777191, 0.89478955662185, 0
430, 2.7196605156189, 0.88818310815956, 0
431, 2.5880858518609, 0.8912018865044, 0
432, 1.7437637382783, 1.8002282864309, 0
433, 2.1825953944865, 0.90400724423172, 0
434, 2.0414524209172, 0.90967130670311, 0
435, 3.3733722552436, 1.5035873114122, 0
436, 3.3763800553851, 1.6279451246191, 0
437, 2.320132741385, 0.89903729365206, 0
438, 3.2363399710775, 0.62890778129288, 0
439, 3.3643037769798, 0.62770009418075, 0
440, 3.1080980399879, 0.75601257677817, 0
441, 3.1080123383187, 0.63020684954299, 0
442, 3.109766455703, 1.007059169691, 0
443, 2.9797409511618, 0.88348879500928, 0
444, 3.1086640212057, 0.88164681803943, 0
445, 0.95166582843636, 1.142812896842, 0
446, 1.1909779466983, 1.7633404488994, 0
447, 1.731752912125, 1.0642841312125, 0
448, 1.3066886849212, 0.75314607522314, 0
449, 3.2438875544775, 1.3801191182352, 0
450, 3.3708324445227, 1.378993345046, 0
451, 1.7499901961261, 1.8996908677173, 0
452, 0.89502249153092, 1.3006027215984, 0
453, 1.7320351878545, 1.7018841848884, 0
454, 1.5476523952902, 1.6617724804508, 0
455, 1.4237457133207, 1.7982912890257, 0
456, 1.0324398155556, 0.99504865171198, 0
457, 1.254347132469, 0.47954455786567, 0
458, 1.2134798853161, 0.602576923085, 0
459, 1.4133487150856, 0.36883323911429, 0
460, 1.2877072303562, 0.35845572357802, 0
461, 3.1136695249374, 1.2570354454387, 0
462, 3.1164469478697, 1.3815355398281, 0
463, 1.4550534106712, 0.77046679970416, 0
464, 1.5159812924077, 1.9028566967047, 0
465, 0.82080195227015, 1.5947491962314, 0
466, 0.39817484876232, 1.3274259206576, 0
467, 2.9827783526479, 1.1341921828923, 0
468, 3.111434856601, 1.1322026673595, 0
469, 1.5175663781101, 0.50451997233139, 0
470, 1.5427121324979, 0.37648025750078, 0
471, 2.8513464588394, 1.0113521027973, 0
472, 2.8501317716807, 0.88564119607768, 0
473, 1.3670585933893, 1.0595892812252, 0
474, 2.8534071721472, 1.1366160024787, 0
475, 1.5505477693362, 1.0767906762676, 0
476, 0.54689556371538, 1.3070335982722, 0
477, 0.71677730087642, 1.2880907254456, 0
478, 1.4885959379754, 0.63541122828963, 0
479, 1.9131899802838, 1.3174937657746, 0
480, 1.8712164279318, 1.8949997460535, 0
******* E L E M E N T S *************
*ELEMENT, type=T3D2, ELSET=Line2
1, 2, 19
2, 19, 23
3, 23, 20
4, 20, 24
5, 24, 21
6, 21, 25
7, 25, 22
8, 22, 4
*ELEMENT, type=T3D2, ELSET=Line4
9, 5, 57
10, 57, 65
11, 65, 58
12, 58, 66
13, 66, 59
14, 59, 67
15, 67, 60
16, 60, 68
17, 68, 61
18, 61, 69
19, 69, 62
20, 62, 70
21, 70, 63
22, 63, 71
23, 71, 64
24, 64, 3
*ELEMENT, type=CPS4, ELSET=Surface1
25, 186, 189, 187, 138
26, 189, 33, 50, 187
27, 329, 207, 341, 285
28, 70, 63, 193, 190
29, 190, 193, 191, 104
30, 193, 192, 105, 191
31, 63, 71, 192, 193
32, 97, 196, 197, 194
33, 194, 197, 21, 25
34, 197, 195, 24, 21
35, 196, 96, 195, 197
36, 89, 200, 201, 77
37, 77, 201, 198, 88
38, 201, 199, 174, 198
39, 200, 173, 199, 201
40, 285, 341, 347, 373
41, 480, 451, 48, 34
42, 313, 221, 416, 274
43, 305, 411, 342, 112
44, 115, 206, 455, 205
45, 207, 202, 453, 314
46, 208, 205, 330, 454
47, 69, 62, 212, 210
48, 210, 212, 211, 103
49, 212, 190, 104, 211
50, 62, 70, 190, 212
51, 172, 214, 215, 213
52, 213, 215, 78, 90
53, 215, 200, 89, 78
54, 214, 173, 200, 215
55, 135, 218, 219, 216
56, 216, 219, 217, 134
57, 219, 29, 54, 217
58, 218, 53, 29, 219
59, 473, 182, 231, 276
60, 129, 220, 479, 188
61, 178, 426, 465, 226
62, 465, 315, 221, 313
63, 24, 195, 224, 20
64, 20, 224, 222, 23
65, 224, 223, 95, 222
66, 195, 96, 223, 224
67, 411, 286, 116, 342
68, 204, 225, 464, 117
69, 475, 305, 182, 473
70, 68, 61, 229, 227
71, 227, 229, 228, 101
72, 229, 210, 103, 228
73, 61, 69, 210, 229
74, 185, 129, 447, 475
75, 231, 448, 203, 284
76, 110, 115, 205, 208
77, 456, 284, 317, 122
78, 175, 235, 236, 233
79, 233, 236, 234, 176
80, 236, 74, 86, 234
81, 235, 85, 74, 236
82, 91, 80, 240, 237
83, 237, 240, 238, 171
84, 240, 239, 124, 238
85, 80, 92, 239, 240
86, 138, 187, 243, 241
87, 241, 243, 242, 137
88, 243, 32, 51, 242
89, 187, 50, 32, 243
90, 99, 246, 247, 244
91, 244, 247, 245, 102
92, 247, 59, 67, 245
93, 246, 66, 59, 247
94, 136, 249, 250, 248
95, 248, 250, 218, 135
96, 250, 30, 53, 218
97, 249, 52, 30, 250
98, 67, 60, 252, 245
99, 245, 252, 251, 102
100, 252, 227, 101, 251
101, 60, 68, 227, 252
102, 109, 254, 255, 253
103, 274, 416, 446, 146
104, 111, 454, 330, 148
105, 254, 43, 39, 255
106, 51, 31, 257, 242
107, 242, 257, 256, 137
108, 257, 249, 136, 256
109, 31, 52, 249, 257
110, 100, 259, 260, 258
111, 258, 260, 246, 99
112, 260, 58, 66, 246
113, 259, 65, 58, 260
114, 91, 237, 262, 79
115, 79, 262, 213, 90
116, 262, 261, 172, 213
117, 237, 171, 261, 262
118, 86, 75, 265, 234
119, 234, 265, 263, 176
120, 265, 264, 177, 263
121, 75, 87, 264, 265
122, 87, 76, 267, 264
123, 264, 267, 266, 177
124, 267, 198, 174, 266
125, 76, 88, 198, 267
126, 54, 28, 270, 217
127, 217, 270, 268, 134
128, 270, 269, 133, 268
129, 28, 55, 269, 270
130, 92, 81, 273, 239
131, 239, 273, 271, 124
132, 273, 272, 123, 271
133, 81, 93, 272, 273
134, 118, 276, 456, 445
135, 446, 108, 230, 206
136, 114, 44, 38, 232
137, 205, 455, 225, 330
138, 71, 64, 279, 192
139, 192, 279, 278, 105
140, 279, 72, 84, 278
141, 64, 3, 72, 279
142, 103, 211, 283, 280
143, 280, 283, 281, 158
144, 283, 282, 157, 281
145, 211, 104, 282, 283
146, 185, 209, 340, 163
147, 447, 120, 286, 411
148, 120, 417, 434, 286
149, 129, 188, 120, 447
150, 149, 290, 291, 287
151, 287, 291, 288, 150
152, 291, 289, 143, 288
153, 290, 144, 289, 291
154, 42, 292, 293, 26
155, 26, 293, 22, 4
156, 293, 194, 25, 22
157, 292, 97, 194, 293
158, 158, 297, 298, 294
159, 294, 298, 295, 156
160, 298, 296, 153, 295
161, 297, 161, 296, 298
162, 56, 41, 300, 299
163, 299, 300, 259, 100
164, 300, 57, 65, 259
165, 41, 5, 57, 300
166, 143, 289, 304, 301
167, 301, 304, 302, 141
168, 304, 303, 142, 302
169, 289, 144, 303, 304
170, 118, 445, 452, 140
171, 116, 414, 415, 410
172, 221, 232, 180, 416
173, 158, 294, 308, 280
174, 280, 308, 228, 103
175, 308, 307, 101, 228
176, 294, 156, 307, 308
177, 105, 278, 310, 309
178, 309, 310, 235, 175
179, 310, 73, 85, 235
180, 278, 84, 73, 310
181, 97, 292, 312, 311
182, 311, 312, 254, 109
183, 312, 40, 43, 254
184, 292, 42, 40, 312
185, 453, 148, 204, 432
186, 188, 418, 417, 120
187, 146, 446, 206, 115
188, 107, 432, 451, 480
189, 128, 319, 320, 317
190, 317, 320, 318, 122
191, 320, 9, 16, 318
192, 319, 15, 9, 320
193, 156, 322, 323, 307
194, 307, 323, 251, 101
195, 323, 321, 102, 251
196, 322, 155, 321, 323
197, 141, 302, 326, 324
198, 324, 326, 256, 136
199, 326, 325, 137, 256
200, 302, 142, 325, 326
201, 55, 27, 328, 269
202, 269, 328, 327, 133
203, 328, 299, 100, 327
204, 27, 56, 299, 328
205, 275, 107, 480, 121
206, 255, 39, 44, 114
207, 253, 255, 114, 315
208, 232, 38, 45, 180
209, 16, 10, 334, 318
210, 318, 334, 332, 122
211, 179, 333, 365, 364
212, 10, 17, 333, 334
213, 18, 12, 336, 335
214, 335, 336, 222, 95
215, 336, 19, 23, 222
216, 12, 2, 19, 336
217, 94, 338, 339, 82
218, 82, 339, 272, 93
219, 339, 337, 123, 272
220, 338, 98, 337, 339
221, 455, 113, 464, 225
222, 112, 342, 413, 412
223, 448, 183, 458, 203
224, 126, 344, 345, 343
225, 343, 345, 319, 128
226, 345, 8, 15, 319
227, 344, 14, 8, 345
228, 139, 347, 348, 346
229, 346, 348, 186, 138
230, 209, 306, 370, 127
231, 140, 452, 226, 277
232, 130, 351, 352, 349
233, 349, 352, 216, 134
234, 352, 350, 135, 216
235, 351, 131, 350, 352
236, 156, 295, 355, 322
237, 322, 355, 353, 155
238, 355, 354, 151, 353
239, 295, 153, 354, 355
240, 173, 358, 359, 199
241, 199, 359, 356, 174
242, 359, 357, 167, 356
243, 358, 168, 357, 359
244, 94, 83, 361, 338
245, 338, 361, 360, 98
246, 361, 6, 13, 360
247, 83, 1, 6, 361
248, 98, 360, 363, 362
249, 362, 363, 344, 126
250, 363, 7, 14, 344
251, 360, 13, 7, 363
252, 179, 476, 477, 332
253, 364, 365, 335, 95
254, 365, 11, 18, 335
255, 333, 17, 11, 365
256, 124, 368, 369, 238
257, 238, 369, 366, 171
258, 369, 367, 170, 366
259, 368, 125, 367, 369
260, 432, 204, 117, 451
261, 127, 146, 115, 110
262, 202, 111, 148, 453
263, 145, 372, 373, 371
264, 371, 373, 347, 139
265, 119, 202, 207, 329
266, 340, 110, 208, 331
267, 173, 214, 376, 358
268, 358, 376, 374, 168
269, 376, 375, 169, 374
270, 214, 172, 375, 376
271, 135, 350, 378, 248
272, 248, 378, 324, 136
273, 378, 377, 141, 324
274, 350, 131, 377, 378
275, 137, 325, 380, 241
276, 241, 380, 346, 138
277, 380, 379, 139, 346
278, 325, 142, 379, 380
279, 143, 301, 383, 381
280, 381, 383, 382, 152
281, 383, 377, 131, 382
282, 301, 141, 377, 383
283, 159, 386, 387, 384
284, 384, 387, 263, 177
285, 387, 385, 176, 263
286, 386, 160, 385, 387
287, 168, 390, 391, 357
288, 357, 391, 388, 167
289, 391, 389, 165, 388
290, 390, 166, 389, 391
291, 102, 321, 394, 244
292, 244, 394, 392, 99
293, 394, 393, 132, 392
294, 321, 155, 393, 394
295, 147, 397, 398, 395
296, 395, 398, 290, 149
297, 398, 396, 144, 290
298, 397, 145, 396, 398
299, 145, 371, 399, 396
300, 396, 399, 303, 144
301, 399, 379, 142, 303
302, 371, 139, 379, 399
303, 168, 374, 402, 390
304, 390, 402, 400, 166
305, 402, 401, 164, 400
306, 374, 169, 401, 402
307, 159, 405, 406, 403
308, 403, 406, 404, 162
309, 406, 388, 165, 404
310, 405, 167, 388, 406
311, 167, 405, 407, 356
312, 356, 407, 266, 174
313, 407, 384, 177, 266
314, 405, 159, 384, 407
315, 171, 366, 409, 261
316, 261, 409, 375, 172
317, 409, 408, 169, 375
318, 366, 170, 408, 409
319, 125, 412, 413, 367
320, 367, 413, 410, 170
321, 148, 330, 225, 204
322, 284, 203, 128, 317
323, 170, 410, 415, 408
324, 408, 415, 401, 169
325, 415, 414, 164, 401
326, 184, 118, 140, 306
327, 147, 417, 418, 397
328, 397, 418, 372, 145
329, 286, 434, 414, 116
330, 277, 313, 274, 370
331, 104, 191, 420, 282
332, 282, 420, 419, 157
333, 420, 309, 175, 419
334, 191, 105, 309, 420
335, 109, 422, 423, 311
336, 311, 423, 196, 97
337, 423, 421, 96, 196
338, 422, 106, 421, 423
339, 133, 327, 425, 424
340, 424, 425, 392, 132
341, 425, 258, 99, 392
342, 327, 100, 258, 425
343, 106, 422, 426, 178
344, 230, 46, 36, 113
345, 416, 180, 108, 446
346, 422, 109, 253, 426
347, 176, 385, 428, 233
348, 233, 428, 419, 175
349, 428, 427, 157, 419
350, 385, 160, 427, 428
351, 149, 287, 431, 429
352, 429, 431, 389, 166
353, 431, 430, 165, 389
354, 287, 150, 430, 431
355, 276, 231, 284, 456
356, 206, 230, 113, 455
357, 434, 433, 164, 414
358, 417, 147, 433, 434
359, 134, 268, 436, 349
360, 349, 436, 435, 130
361, 436, 424, 132, 435
362, 268, 133, 424, 436
363, 166, 400, 437, 429
364, 429, 437, 395, 149
365, 437, 433, 147, 395
366, 400, 164, 433, 437
367, 158, 281, 439, 297
368, 297, 439, 438, 161
369, 439, 427, 160, 438
370, 281, 157, 427, 439
371, 159, 403, 441, 386
372, 386, 441, 438, 160
373, 441, 440, 161, 438
374, 403, 162, 440, 441
375, 153, 296, 444, 442
376, 442, 444, 443, 154
377, 444, 440, 162, 443
378, 296, 161, 440, 444
379, 314, 453, 432, 107
380, 186, 275, 121, 189
381, 113, 36, 47, 464
382, 370, 274, 146, 127
383, 155, 353, 450, 393
384, 393, 450, 435, 132
385, 450, 449, 130, 435
386, 353, 151, 449, 450
387, 452, 477, 178, 226
388, 184, 473, 276, 118
389, 185, 163, 220, 129
390, 331, 208, 454, 111
391, 479, 285, 373, 372
392, 209, 127, 110, 340
393, 342, 116, 410, 413
394, 163, 119, 329, 220
395, 181, 469, 470, 459
396, 458, 457, 126, 343
397, 181, 457, 458, 183
398, 457, 460, 362, 126
399, 460, 337, 98, 362
400, 459, 123, 337, 460
401, 131, 351, 462, 382
402, 382, 462, 461, 152
403, 462, 449, 151, 461
404, 351, 130, 449, 462
405, 108, 37, 46, 230
406, 220, 329, 285, 479
407, 445, 332, 477, 452
408, 341, 207, 314, 316
409, 119, 331, 111, 202
410, 421, 466, 223, 96
411, 466, 364, 95, 223
412, 476, 106, 178, 477
413, 153, 442, 468, 354
414, 354, 468, 461, 151
415, 468, 467, 152, 461
416, 442, 154, 467, 468
417, 123, 459, 470, 271
418, 271, 470, 368, 124
419, 470, 469, 125, 368
420, 475, 447, 411, 305
421, 162, 404, 472, 443
422, 443, 472, 471, 154
423, 472, 430, 150, 471
424, 404, 165, 430, 472
425, 451, 117, 35, 48
426, 445, 456, 122, 332
427, 347, 341, 316, 348
428, 226, 465, 313, 277
429, 143, 381, 474, 288
430, 288, 474, 471, 150
431, 474, 467, 154, 471
432, 381, 152, 467, 474
433, 117, 464, 47, 35
434, 185, 184, 306, 209
435, 112, 412, 478, 463
436, 180, 45, 37, 108
437, 466, 421, 106, 476
438, 316, 314, 107, 275
439, 189, 121, 49, 33
440, 181, 459, 460, 457
441, 412, 125, 469, 478
442, 348, 316, 275, 186
443, 306, 140, 277, 370
444, 426, 253, 315, 465
445, 203, 458, 343, 128
446, 185, 475, 473, 184
447, 463, 478, 183, 448
448, 182, 463, 448, 231
449, 305, 112, 463, 182
450, 179, 332, 334, 333
451, 179, 364, 466, 476
452, 163, 340, 331, 119
453, 181, 183, 478, 469
454, 121, 480, 34, 49
455, 188, 479, 372, 418
456, 315, 114, 232, 221
*ELSET,ELSET=left
1, 2, 3, 4, 5, 6, 7, 8, 
*ELSET,ELSET=rigth
9, 10, 11, 12, 13, 14, 15, 16, 17, 18, 
19, 20, 21, 22, 23, 24, 
*ELSET,ELSET=Plate
25, 26, 27, 28, 29, 30, 31, 32, 33, 34, 
35, 36, 37, 38, 39, 40, 41, 42, 43, 44, 
45, 46, 47, 48, 49, 50, 51, 52, 53, 54, 
55, 56, 57, 58, 59, 60, 61, 62, 63, 64, 
65, 66, 67, 68, 69, 70, 71, 72, 73, 74, 
75, 76, 77, 78, 79, 80, 81, 82, 83, 84, 
85, 86, 87, 88, 89, 90, 91, 92, 93, 94, 
95, 96, 97, 98, 99, 100, 101, 102, 103, 104, 
105, 106, 107, 108, 109, 110, 111, 112, 113, 114, 
115, 116, 117, 118, 119, 120, 121, 122, 123, 124, 
125, 126, 127, 128, 129, 130, 131, 132, 133, 134, 
135, 136, 137, 138, 139, 140, 141, 142, 143, 144, 
145, 146, 147, 148, 149, 150, 151, 152, 153, 154, 
155, 156, 157, 158, 159, 160, 161, 162, 163, 164, 
165, 166, 167, 168, 169, 170, 171, 172, 173, 174, 
175, 176, 177, 178, 179, 180, 181, 182, 183, 184, 
185, 186, 187, 188, 189, 190, 191, 192, 193, 194, 
195, 196, 197, 198, 199, 200, 201, 202, 203, 204, 
205, 206, 207, 208, 209, 210, 211, 212, 213, 214, 
215, 216, 217, 218, 219, 220, 221, 222, 223, 224, 
225, 226, 227, 228, 229, 230, 231, 232, 233, 234, 
235, 236, 237, 238, 239, 240, 241, 242, 243, 244, 
245, 246, 247, 248, 249, 250, 251, 252, 253, 254, 
255, 256, 257, 258, 259, 260, 261, 262, 263, 264, 
265, 266, 267, 268, 269, 270, 271, 272, 273, 274, 
275, 276, 277, 278, 279, 280, 281, 282, 283, 284, 
285, 286, 287, 288, 289, 290, 291, 292, 293, 294, 
295, 296, 297, 298, 299, 300, 301, 302, 303, 304, 
305, 306, 307, 308, 309, 310, 311, 312, 313, 314, 
315, 316, 317, 318, 319, 320, 321, 322, 323, 324, 
325, 326, 327, 328, 329, 330, 331, 332, 333, 334, 
335, 336, 337, 338, 339, 340, 341, 342, 343, 344, 
345, 346, 347, 348, 349, 350, 351, 352, 353, 354, 
355, 356, 357, 358, 359, 360, 361, 362, 363, 364, 
365, 366, 367, 368, 369, 370, 371, 372, 373, 374, 
375, 376, 377, 378, 379, 380, 381, 382, 383, 384, 
385, 386, 387, 388, 389, 390, 391, 392, 393, 394, 
395, 396, 397, 398, 399, 400, 401, 402, 403, 404, 
405, 406, 407, 408, 409, 410, 411, 412, 413, 414, 
415, 416, 417, 418, 419, 420, 421, 422, 423, 424, 
425, 426, 427, 428, 429, 430, 431, 432, 433, 434, 
435, 436, 437, 438, 439, 440, 441, 442, 443, 444, 
445, 446, 447, 448, 449, 450, 451, 452, 453, 454, 
455, 456, 
*NSET,NSET=left
2, 4, 19, 20, 21, 22, 23, 24, 25, 
*NSET,NSET=rigth
3, 5, 57, 58, 59, 60, 61, 62, 63, 64, 
65, 66, 67, 68, 69, 70, 71, 
*NSET,NSET=Plate
1, 2, 3, 4, 5, 6, 7, 8, 9, 10, 
11, 12, 13, 14, 15, 16, 17, 18, 19, 20, 
21, 22, 23, 24, 25, 26, 27, 28, 29, 30, 
31, 32, 33, 34, 35, 36, 37, 38, 39, 40, 
41, 42, 43, 44, 45, 46, 47, 48, 49, 50, 
51, 52, 53, 54, 55, 56, 57, 58, 59, 60, 
61, 62, 63, 64, 65, 66, 67, 68, 69, 70, 
71, 72, 73, 74, 75, 76, 77, 78, 79, 80, 
81, 82, 83, 84, 85, 86, 87, 88, 89, 90, 
91, 92, 93, 94, 95, 96, 97, 98, 99, 100, 
101, 102, 103, 104, 105, 106, 107, 108, 109, 110, 
111, 112, 113, 114, 115, 116, 117, 118, 119, 120, 
121, 122, 123, 124, 125, 126, 127, 128, 129, 130, 
131, 132, 133, 134, 135, 136, 137, 138, 139, 140, 
141, 142, 143, 144, 145, 146, 147, 148, 149, 150, 
151, 152, 153, 154, 155, 156, 157, 158, 159, 160, 
161, 162, 163, 164, 165, 166, 167, 168, 169, 170, 
171, 172, 173, 174, 175, 176, 177, 178, 179, 180, 
181, 182, 183, 184, 185, 186, 187, 188, 189, 190, 
191, 192, 193, 194, 195, 196, 197, 198, 199, 200, 
201, 202, 203, 204, 205, 206, 207, 208, 209, 210, 
211, 212, 213, 214, 215, 216, 217, 218, 219, 220, 
221, 222, 223, 224, 225, 226, 227, 228, 229, 230, 
231, 232, 233, 234, 235, 236, 237, 238, 239, 240, 
241, 242, 243, 244, 245, 246, 247, 248, 249, 250, 
251, 252, 253, 254, 255, 256, 257, 258, 259, 260, 
261, 262, 263, 264, 265, 266, 267, 268, 269, 270, 
271, 272, 273, 274, 275, 276, 277, 278, 279, 280, 
281, 282, 283, 284, 285, 286, 287, 288, 289, 290, 
291, 292, 293, 294, 295, 296, 297, 298, 299, 300, 
301, 302, 303, 304, 305, 306, 307, 308, 309, 310, 
311, 312, 313, 314, 315, 316, 317, 318, 319, 320, 
321, 322, 323, 324, 325, 326, 327, 328, 329, 330, 
331, 332, 333, 334, 335, 336, 337, 338, 339, 340, 
341, 342, 343, 344, 345, 346, 347, 348, 349, 350, 
351, 352, 353, 354, 355, 356, 357, 358, 359, 360, 
361, 362, 363, 364, 365, 366, 367, 368, 369, 370, 
371, 372, 373, 374, 375, 376, 377, 378, 379, 380, 
381, 382, 383, 384, 385, 386, 387, 388, 389, 390, 
391, 392, 393, 394, 395, 396, 397, 398, 399, 400, 
401, 402, 403, 404, 405, 406, 407, 408, 409, 410, 
411, 412, 413, 414, 415, 416, 417, 418, 419, 420, 
421, 422, 423, 424, 425, 426, 427, 428, 429, 430, 
431, 432, 433, 434, 435, 436, 437, 438, 439, 440, 
441, 442, 443, 444, 445, 446, 447, 448, 449, 450, 
451, 452, 453, 454, 455, 456, 457, 458, 459, 460, 
461, 462, 463, 464, 465, 466, 467, 468, 469, 470, 
471, 472, 473, 474, 475, 476, 477, 478, 479, 480, 
